51 0.5 0.6 50
53	2.150521088267424719e-01	2.164451050895019879e-01	60
55	2.123232771608397629e-01	2.136785876519333160e-01	58
57	2.096734337065757070e-01	2.109973546335268402e-01	57
59	2.071009392160075846e-01	2.083762214109306232e-01	55
61	2.045903048178306094e-01	2.058384984815792018e-01	54
63	2.021384803412568654e-01	2.033515951995697457e-01	53
65	1.997517932896685222e-01	2.009354956765842526e-01	51
67	1.974166123172096388e-01	1.985749263631458872e-01	50
69	1.951423565617806943e-01	1.962790112037977597e-01	49
71	1.929190777780057098e-01	1.940264806043643375e-01	48
73	1.907449486960778040e-01	1.918315933603269574e-01	47
75	1.886185726973085564e-01	1.896775512941895059e-01	46
77	1.865382413016100915e-01	1.875809841965497826e-01	45
79	1.840053209604421425e-01	1.850150979704567322e-01	44
81	1.820200882226319372e-01	1.830019586351795124e-01	43
83	1.800770216666643941e-01	1.810451058631563637e-01	42
85	1.781672343170465911e-01	1.791151307087739675e-01	42
87	1.762980133125617854e-01	1.772256948283560951e-01	41
89	1.744599103949680818e-01	1.753760909230793197e-01	39
91	1.726602022456728003e-01	1.735606926227218627e-01	39
93	1.708976979620757952e-01	1.717765815379573013e-01	38
95	1.691571145367774809e-01	1.700249624464189591e-01	38
97	1.674521393728460317e-01	1.682961849887687489e-01	37
99	1.657718961440827199e-01	1.666128374292017433e-01	37
101	1.641292248418281252e-01	1.649439352189657204e-01	35
