0.5988036995993722	0.7607294773525662	6855
0.5420595377981083	0.598803704746854	3
0.5067874892572073	0.5420595421273446	7
0.48113531615322114	0.5067874919482516	1087
0.4609488433799819	0.4811353239816438	855
0.44432074746006184	0.4609488495404068	5
0.43016867624236516	0.44432075253455605	0
0.41785434647712427	0.4301686870395426	522
0.4069522692675732	0.4178543502351627	462
0.3971686064628206	0.4069522725946243	415
0.39263237180165256	0.40193871994950037	5
0.3841677358121841	0.3926323831619408	359
0.37639007643080624	0.38416774614500554	330
0.3727204134010197	0.38019525766504	318
0.3691950872376314	0.3763900787888971	5
0.3625091619785471	0.36919509602058	284
0.3562668892823698	0.36250917014008754	265
0.35040392871338133	0.3562668969023416	249
0.3476031733505168	0.3532927073254597	241
0.34488680981046815	0.3504039301397268	235
0.3396668492463071	0.3448868114941597	222
0.33472063871734015	0.3396668556183313	10
0.3300171348291596	0.3347206447552026	0
0.3277460463245194	0.33233895314575246	4
0.32552707579020834	0.33001714399648974	9
0.32124592565617394	0.32552708949280906	182
0.3171502101097303	0.32124593088220404	174
0.31516629286414233	0.31918261404971704	171
0.3132280354787084	0.3171502216851283	167
0.30944782503971047	0.3132280474482708	161
0.30582183404418883	0.30944783657603375	154
0.3023290379737631	0.3058218451098703	149
0.29895653058539184	0.3023290422374437	144
0.29569098667046795	0.29895654087748064	139
0.29254139112935473	0.2956909906567401	134
0.2894915276387613	0.2925414007411697	130
0.2865360490768498	0.289491531361751	126
0.2836709684000467	0.28653605268461624	122
0.282274573814675	0.28509632334969864	120
0.2795243479835332	0.2822745824259712	117
0.2768562932454399	0.2795243563765827	114
0.2742668943340316	0.2768562965023529	111
0.27299025458286635	0.2755554696108165	9
0.27173941477697056	0.27426689684460964	8
0.27049991190126066	0.2729902715760312	6
0.2692758417533061	0.27173942823757896	5
0.26806817914831543	0.27049992125114053	4
0.26687545001759816	0.2692758484133143	2
0.26453456345222504	0.2668754617382934	0
0.26338592021107193	0.26570402674332	1
0.2622491821159847	0.2645345742566076	2
0.2611317670803147	0.26338592757419177	3
0.26002497482815323	0.2622491972529709	5
0.25892772615670323	0.26113177527510434	6
0.2578385002567509	0.26002498047776057	7
0.2557081340007883	0.25783851093292387	9
0.25466236129909464	0.25677199618238905	10
0.25362317040099214	0.2557081396557316	10
0.2525929838344609	0.254662364177231	89
0.2515764866284428	0.25362318007563384	87
0.25057165808335136	0.2525929902205053	86
0.24957907346240749	0.25157649851084457	86
0.2485981700111306	0.2505716635082367	85
0.247625412614064	0.24957908445041055	83
0.2466549347148308	0.24859817758762714	83
0.24570266742711322	0.24762541753235817	83
0.243818743166889	0.24570267681554145	80
0.24198055792164552	0.24381875236578376	79
0.24107090971911288	0.2428970903777849	78
0.24016738722105987	0.2419805625843673	78
0.2392693961862703	0.24107092048132522	77
0.23839139279720176	0.24016739403199247	76
0.23751548078196116	0.2392694034076514	75
0.23664176097162498	0.2383913951365983	75
0.23578389560589538	0.23751548239697465	74
0.2349342449451256	0.23664176876741866	73
0.23408327610273133	0.23578389854395065	73
0.23241175855241275	0.23408328440655185	72
0.23077314902527435	0.23241176671416008	70
0.2299616032121432	0.23158969150220776	70
0.22916355972485425	0.23077316110418367	69
0.2283666498544515	0.22996161117045405	69
0.2275748387855032	0.22916356394294235	69
0.22678940502834716	0.2283666530428643	67
0.22601502862278222	0.22757484642944364	67
0.2252448457318495	0.2267894080938491	67
0.2244786545611393	0.22601503406101608	65
0.22371675886589032	0.2252448525690991	65
0.2229701810054121	0.22447866243177084	65
0.22221987722251785	0.22371676514416422	64
0.22073922264107643	0.2222198845315409	64
0.21928781972849626	0.2207392298708708	62
0.21856787990218604	0.22001132429749012	62
0.2178518595918182	0.21928782070056602	62
0.21714793890567335	0.21856788392964258	61
0.21644509385210986	0.21785186382465427	61
0.21574117651880215	0.21714794305684954	61
0.21436746865094997	0.21574118338777942	59
0.21367857720541636	0.2150521175448671	59
0.21232327919859895	0.21367858391215627	58
0.2116570357545457	0.21299719917325627	58
0.21099735209046544	0.21232328936038558	57
0.2103334932388324	0.21165703825376608	57
0.20902863812713696	0.21033349970145454	56
0.20837621052567534	0.20967344235519195	56
0.20710093915881952	0.20837622319395493	55
0.2064684842096174	0.20773532135611184	55
0.20583849252982306	0.20710094708784932	54
0.20521266828508783	0.20646849002522127	54
0.20459030682261303	0.2058385004267859	54
0.20396977846464398	0.20521267577857255	54
0.2033515918062453	0.20459031679642717	53
0.2021384790278355	0.20335159785470713	53
0.20093548926929367	0.20213848495126727	51
0.20034549272491478	0.20153654656010395	52
0.19975179193478237	0.2009354976424288	51
0.19857492374594526	0.1997517977145954	51
0.19799441974264423	0.1991586457640043	50
0.19741661573257063	0.1985749296686659	50
0.19684241609931297	0.19799443226896368	50
0.19571147710050057	0.19684242172439187	49
0.1945869713507863	0.19571148814488165	48
0.19402647824743635	0.195142368987413	48
0.19291907655908513	0.1940264836961216	48
0.19183158977308792	0.19291908196634655	47
0.19074494718310528	0.19183159508310837	47
0.19021018960534275	0.19128284319950475	46
0.1896775500549917	0.19074495298885996	46
0.1891468923542362	0.19021019610642723	46
0.18861856849427913	0.18967755517093332	46
0.1880953758164281	0.18914690615134533	46
0.18705891758745885	0.1880953809508536	45
0.18603320348277433	0.18705892770917137	44
0.18551613680176304	0.18653824494958848	44
0.1845021436336659	0.18551614678328793	44
0.1835060835866524	0.1845021535360404	43
0.1825098093651068	0.183506093313898	43
0.18202009056286617	0.18300195320420526	43
0.18153183683147978	0.18250981373223873	43
0.18104509992459983	0.18202010182726713	42
0.18056015787718552	0.1815318439164485	42
0.18007702162945538	0.18104510417483743	42
0.1795954005631278	0.1805601695056568	42
0.17911512416853217	0.18007702895326302	41
0.17863684425576887	0.17959540726679687	41
0.17769968743580988	0.1786368489362523	41
0.17722568643267228	0.17816724545363194	40
0.17629801172930687	0.1772256956275846	41
0.17537608055832804	0.17629802078871992	40
0.17492080504465285	0.17583276284115362	39
0.17445990567098676	0.17537608928755044	39
0.17356068576669853	0.17445991685486878	39
0.17266019891636414	0.17356069454825213	39
0.17221779526158856	0.17310485381021945	39
0.1717765810888075	0.17266020705003707	39
0.1713364529516393	0.17221780512926743	38
0.17089770266897508	0.17177658680229718	38
0.17046057368116102	0.17133646239883338	38
0.17002495376333096	0.1708977097247255	38
0.16959052115908085	0.17046058385012575	38
0.16915711056022162	0.17002495985936208	38
0.16872501864903947	0.16959052670434313	37
0.16829617800253616	0.16915711974214762	37
0.16745213560761824	0.16829618851207886	37
0.1666128305007452	0.16745214385032237	36
0.16619008377583172	0.16702520260776585	36
0.1653600784156517	0.16619009193128906	37
0.16494393079452907	0.1657718996723801	36
0.1641292223557374	0.16494393888016265	35
0.1637139536257083	0.16453459952015137	36
0.16291052206116036	0.1637139576327683	35
0.16210139025688652	0.16291052990721086	35
0.16170515480717532	0.16249982041888167	35
0.16130938378310297	0.1621013933957311	35
0.16091304446101012	0.1617051623562025	34
0.16011838157765845	0.16091305219653645	35
0.1597261584681236	0.16051459356119824	35
0.15933628539913772	0.1601183895278053	34
0.1589488612592289	0.1597261631616182	34
0.15856576300668268	0.15933629388078163	33
0.15818342844634672	0.15894886696918542	33
0.15779918055037737	0.15856577208974093	34
0.15703045543104582	0.1577991880366229	33
0.15664866408219977	0.15741455710664345	33
0.15590044680668205	0.15664866782191184	33
0.15515259113374485	0.15590045411352793	32
0.15477891891275747	0.155520354945058	33
0.15404103076772088	0.1547789261533437	32
0.15366596697424006	0.15440272561184448	32
0.1529338994170235	0.15366597416914862	32
0.15220737420617125	0.15293390299160728	32
0.1514944607404545	0.15220738130117892	31
0.15112745459662202	0.15184995502738116	32
0.15042233756856094	0.15112745812445616	31
0.15006208913533348	0.15077428327610215	32
0.14935732295689236	0.15006209609035437	30
0.14900928960311954	0.1497065968903264	31
0.14866153653460137	0.14935733037899007	31
0.14831328458087997	0.14900929586084508	30
0.14761337183143539	0.14831329137786514	31
0.14726753536355627	0.14796314705555108	31
0.14692379687596296	0.14761337970685773	30
0.14658153752247277	0.1472675428057219	30
0.1462410437575921	0.14692380659399465	30
0.14590368957330863	0.1465815400511202	30
0.14556898104098845	0.1462410558885081	29
0.14523221181697962	0.14590369925533078	29
0.14455674397945778	0.14523222493196863	30
0.14388460085274743	0.14455675057595146	29
0.14322891354659215	0.1438846139806717	29
0.1425637746121236	0.14322891994991666	29
0.14191277660387852	0.14256377785990354	28
0.1412671028776636	0.1419127893187468	29
0.1409374370718754	0.14158498049202983	28
0.1402957272338019	0.1409374497192078	28
0.13965697522161946	0.1402957397674442	28
0.13902098031894264	0.13965698769748952	28
0.1383883082525274	0.13902099274096175	28
0.1377674124555377	0.13838832060964631	27
0.13714500660304954	0.13776741851909388	28
0.13683462728585336	0.13745066008758236	27
0.13621575495792887	0.13683463330179868	28
0.1359121600766045	0.1365197275726174	27
0.13560152932771527	0.13621576582632108	27
0.13499087387588352	0.13560153532611857	26
0.13469037954174395	0.13529268017798263	27
0.1343901262045526	0.13499088579814777	27
0.13408937386640546	0.13469038279869916	26
0.13348137468373714	0.1340893797356333	27
0.13288389690681174	0.13348138062128645	26
0.13258718264323432	0.13318165851733005	26
0.13229125673301798	0.13288390679986367	26
0.1319960226618764	0.13258719110355496	26
0.1317014747177489	0.13229126049495687	26
0.131407702076544	0.13199603066818916	26
0.13111496551172752	0.1317014785581094	26
0.13082415470211867	0.13140771513643604	26
0.1305382015410546	0.13111497751543982	25
0.13025089219252503	0.13082416470347208	25
0.1296706217261221	0.13025090338925374	26
0.1290910937491349	0.12967062739293522	25
0.12880605261661535	0.12938037668308056	26
0.12824148757237325	0.12880606383388227	25
0.12766979345975477	0.12824149859925335	25
0.12711101868259095	0.12766980462587077	25
0.12655557781531923	0.12711102413948494	24
0.1262727422688562	0.12682642570185637	25
0.12572152986445842	0.12627275308298574	24
0.12543905218863977	0.1259903749933931	24
0.12489128283165143	0.12543905757265153	25
0.12434549270421491	0.12489128818101414	24
0.12406681187897617	0.12461344150608905	24
0.12352398570507928	0.12406681454806615	24
0.1229851167560935	0.12352399630720512	24
0.12245474666039348	0.12298512201858912	23
0.12218157745368842	0.12271970126438271	23
0.12164703237653986	0.12218158796391909	24
0.1211259059322127	0.12164704281707868	23
0.12085343378691155	0.12138616138716113	23
0.12033638367321814	0.1208534441917475	23
0.12006590648830072	0.12059489878422544	23
0.11955159837793426	0.12006591682018149	23
0.11929244767963926	0.11980764257274754	23
0.11876975629834025	0.11929245774203952	23
0.1185155697510632	0.11902557118312257	23
0.11826097743461778	0.11876976362888983	23
0.11774019700330497	0.11826098737184813	23
0.11723422169671072	0.11774020717499185	22
0.11698261251161232	0.11748645101049587	23
0.11673121481374166	0.1172342291627369	23
0.11647977886686181	0.11698261883099974	22
0.11597503361067227	0.11647978868795486	22
0.11546840541884507	0.11597504346916987	23
0.11521836420333442	0.11572054443253282	22
0.11496942699030377	0.11546841709997976	22
0.1147212671238452	0.11521837383823418	22
0.11447376720568414	0.11496943454369793	22
0.11422695488246162	0.11472127414085007	22
0.11398105277442766	0.11447377418443205	22
0.11373667450322353	0.11422695877070675	22
0.1134950634695529	0.11398106253762794	21
0.11325344267310597	0.1137366818929575	21
0.1127662393815291	0.11325345211137199	22
0.11227806554844959	0.11276624889740273	22
0.11203435049979885	0.11252213576955633	21
0.1117913700805369	0.11227807879296073	21
0.11155057284627112	0.11203436083111894	22
0.11107959768383452	0.11155058229525522	21
0.11059672807011	0.1110796068827527	21